m2?
0000 0081 0000 0030 0028 000C 000E 0026 0028 000C 000E 0026 0028 000C 000E 0026 000E 0026 000E 0026 000E 0026 000E 0026 0028 000C 000E 0026 0028 000C 0028 000C 0028 000C 000E 0026 000E 0026 000E 0026 000E 0026 000E 0026 000E 0026 0028 000C 0028 000C 0028 0269 0028 000C 000E 0026 0028 000C 000E 0026 0028 000C 000E 0026 000E 0026 000E 0026 000E 0026 000E 0026 0028 000C 000E 0026 0028 000C 0028 000C 0028 000C 000E 0026 000E 0026 000E 0026 000E 0026 000E 0026 000E 0026 0028 000C 0028 000C 0028 1215

+1245 -373 +436 -1183 +1245 -373 +436 -1183 +1245 -373 +436 -1183 +436 -1183 +436 -1183 +436 -1183 +436 -1183 +1245 -373 +436 -1183 +1245 -373 +1245 -373 +1245 -373 +436 -1183 +436 -1183 +436 -1183 +436 -1183 +436 -1183 +436 -1183 +1245 -373 +1245 -373 +1245 -19201 +1245 -373 +436 -1183 +1245 -373 +436 -1183 +1245 -373 +436 -1183 +436 -1183 +436 -1183 +436 -1183 +436 -1183 +1245 -373 +436 -1183 +1245 -373 +1245 -373 +1245 -373 +436 -1183 +436 -1183 +436 -1183 +436 -1183 +436 -1183 +436 -1183 +1245 -373 +1245 -373 +1245 -144058

M3?
0000 0081 0000 0030 0028 000C 000E 0026 0028 000C 0028 000C 000E 0026 000E 0026 000E 0026 000E 0026 000E 0026 000E 0026 0028 000C 000E 0026 0028 000C 0028 000C 0028 000C 000E 0026 000E 0026 000E 0026 000E 0026 000E 0026 0028 000C 0028 000C 000E 0026 0028 0269 0028 000C 000E 0026 0028 000C 0028 000C 000E 0026 000E 0026 000E 0026 000E 0026 000E 0026 000E 0026 0028 000C 000E 0026 0028 000C 0028 000C 0028 000C 000E 0026 000E 0026 000E 0026 000E 0026 000E 0026 0028 000C 0028 000C 000E 0026 0028 1214

+1245 -373 +436 -1183 +1245 -373 +1245 -373 +436 -1183 +436 -1183 +436 -1183 +436 -1183 +436 -1183 +436 -1183 +1245 -373 +436 -1183 +1245 -373 +1245 -373 +1245 -373 +436 -1183 +436 -1183 +436 -1183 +436 -1183 +436 -1183 +1245 -373 +1245 -373 +436 -1183 +1245 -19201 +1245 -373 +436 -1183 +1245 -373 +1245 -373 +436 -1183 +436 -1183 +436 -1183 +436 -1183 +436 -1183 +436 -1183 +1245 -373 +436 -1183 +1245 -373 +1245 -373 +1245 -373 +436 -1183 +436 -1183 +436 -1183 +436 -1183 +436 -1183 +1245 -373 +1245 -373 +436 -1183 +1245 -144027

M1 - UP Auto
0000 0081 0000 0030 000E 0027 000E 0026 0028 000C 000E 0026 000E 0026 0028 000C 000E 0026 000E 0026 000E 0026 000E 0026 0028 000C 000E 0026 0028 000C 0028 000C 0028 000C 000E 0026 000E 0026 000E 0026 000E 0026 000E 0026 0028 000C 000E 0026 000E 0026 000E 0284 000E 0026 000E 0026 0028 000C 000E 0026 000E 0026 0028 000C 000E 0026 000E 0026 000E 0026 000E 0026 0028 000C 000E 0026 0028 000C 0028 000C 0028 000C 000E 0026 000E 0026 000E 0026 000E 0026 000E 0026 0028 000C 000E 0026 000E 0026 000E 122C

+436 -1214 +436 -1183 +1245 -373 +436 -1183 +436 -1183 +1245 -373 +436 -1183 +436 -1183 +436 -1183 +436 -1183 +1245 -373 +436 -1183 +1245 -373 +1245 -373 +1245 -373 +436 -1183 +436 -1183 +436 -1183 +436 -1183 +436 -1183 +1245 -373 +436 -1183 +436 -1183 +436 -20042 +436 -1183 +436 -1183 +1245 -373 +436 -1183 +436 -1183 +1245 -373 +436 -1183 +436 -1183 +436 -1183 +436 -1183 +1245 -373 +436 -1183 +1245 -373 +1245 -373 +1245 -373 +436 -1183 +436 -1183 +436 -1183 +436 -1183 +436 -1183 +1245 -373 +436 -1183 +436 -1183 +436 -144774

M2 Down Manual
0000 0081 0000 0030 0028 000C 000E 0026 000E 0026 000E 0026 0028 000C 000E 0026 000E 0026 000E 0026 000E 0026 000E 0026 0028 000C 000E 0026 0028 000C 0028 000C 0028 000C 000E 0026 000E 0026 000E 0026 000E 0026 000E 0026 0028 000C 0028 000C 000E 0026 000E 0283 0028 000C 000E 0026 000E 0026 000E 0026 0028 000C 000E 0026 000E 0026 000E 0026 000E 0026 000E 0026 0028 000C 000E 0026 0028 000C 0028 000C 0028 000C 000E 0026 000E 0026 000E 0026 000E 0026 000E 0026 0028 000C 0028 000C 000E 0026 000E 122D

+1245 -373 +436 -1183 +436 -1183 +436 -1183 +1245 -373 +436 -1183 +436 -1183 +436 -1183 +436 -1183 +436 -1183 +1245 -373 +436 -1183 +1245 -373 +1245 -373 +1245 -373 +436 -1183 +436 -1183 +436 -1183 +436 -1183 +436 -1183 +1245 -373 +1245 -373 +436 -1183 +436 -20011 +1245 -373 +436 -1183 +436 -1183 +436 -1183 +1245 -373 +436 -1183 +436 -1183 +436 -1183 +436 -1183 +436 -1183 +1245 -373 +436 -1183 +1245 -373 +1245 -373 +1245 -373 +436 -1183 +436 -1183 +436 -1183 +436 -1183 +436 -1183 +1245 -373 +1245 -373 +436 -1183 +436 -144805

M3 Down Auto
0000 0081 0000 0030 000E 0027 0028 000C 0028 000C 0028 000C 000E 0026 000E 0026 000E 0026 000E 0026 000E 0026 000E 0026 0028 000C 000E 0026 0028 000C 0028 000C 0028 000C 000E 0026 000E 0026 000E 0026 000E 0026 000E 0026 000E 0026 000E 0026 0028 000C 000E 0284 000E 0026 0028 000C 0028 000C 0028 000C 000E 0026 000E 0026 000E 0026 000E 0026 000E 0026 000E 0026 0028 000C 000E 0026 0028 000C 0028 000C 0028 000C 000E 0026 000E 0026 000E 0026 000E 0026 000E 0026 000E 0026 000E 0026 0028 000C 000E 122E

+436 -1214 +1245 -373 +1245 -373 +1245 -373 +436 -1183 +436 -1183 +436 -1183 +436 -1183 +436 -1183 +436 -1183 +1245 -373 +436 -1183 +1245 -373 +1245 -373 +1245 -373 +436 -1183 +436 -1183 +436 -1183 +436 -1183 +436 -1183 +436 -1183 +436 -1183 +1245 -373 +436 -20042 +436 -1183 +1245 -373 +1245 -373 +1245 -373 +436 -1183 +436 -1183 +436 -1183 +436 -1183 +436 -1183 +436 -1183 +1245 -373 +436 -1183 +1245 -373 +1245 -373 +1245 -373 +436 -1183 +436 -1183 +436 -1183 +436 -1183 +436 -1183 +436 -1183 +436 -1183 +1245 -373 +436 -144836

M3 Down Manual
0000 0081 0000 0030 0028 000C 000E 0026 000E 0026 0028 000C 000E 0026 000E 0026 000E 0026 000E 0026 000E 0026 000E 0026 0028 000C 000E 0026 0028 000C 0028 000C 0028 000C 000E 0026 000E 0026 000E 0026 000E 0026 000E 0026 000E 0026 0028 000C 0028 000C 000E 0284 0028 000C 000E 0026 000E 0026 0028 000C 000E 0026 000E 0026 000E 0026 000E 0026 000E 0026 000E 0026 0028 000C 000E 0026 0028 000C 0028 000C 0028 000C 000E 0026 000E 0026 000E 0026 000E 0026 000E 0026 000E 0026 0028 000C 0028 000C 000E 122D

+1245 -373 +436 -1183 +436 -1183 +1245 -373 +436 -1183 +436 -1183 +436 -1183 +436 -1183 +436 -1183 +436 -1183 +1245 -373 +436 -1183 +1245 -373 +1245 -373 +1245 -373 +436 -1183 +436 -1183 +436 -1183 +436 -1183 +436 -1183 +436 -1183 +1245 -373 +1245 -373 +436 -20042 +1245 -373 +436 -1183 +436 -1183 +1245 -373 +436 -1183 +436 -1183 +436 -1183 +436 -1183 +436 -1183 +436 -1183 +1245 -373 +436 -1183 +1245 -373 +1245 -373 +1245 -373 +436 -1183 +436 -1183 +436 -1183 +436 -1183 +436 -1183 +436 -1183 +1245 -373 +1245 -373 +436 -144805

M2 - Down Auto
0000 0081 0000 0030 000E 0027 0028 000C 0028 000C 000E 0026 0028 000C 000E 0026 000E 0026 000E 0026 000E 0026 000E 0026 0028 000C 000E 0026 0028 000C 0028 000C 0028 000C 000E 0026 000E 0026 000E 0026 000E 0026 000E 0026 0028 000C 000E 0026 000E 0026 000E 0283 000E 0026 0028 000C 0028 000C 000E 0026 0028 000C 000E 0026 000E 0026 000E 0026 000E 0026 000E 0026 0028 000C 000E 0026 0028 000C 0028 000C 0028 000C 000E 0026 000E 0026 000E 0026 000E 0026 000E 0026 0028 000C 000E 0026 000E 0026 000E 122D

+436 -1214 +1245 -373 +1245 -373 +436 -1183 +1245 -373 +436 -1183 +436 -1183 +436 -1183 +436 -1183 +436 -1183 +1245 -373 +436 -1183 +1245 -373 +1245 -373 +1245 -373 +436 -1183 +436 -1183 +436 -1183 +436 -1183 +436 -1183 +1245 -373 +436 -1183 +436 -1183 +436 -20011 +436 -1183 +1245 -373 +1245 -373 +436 -1183 +1245 -373 +436 -1183 +436 -1183 +436 -1183 +436 -1183 +436 -1183 +1245 -373 +436 -1183 +1245 -373 +1245 -373 +1245 -373 +436 -1183 +436 -1183 +436 -1183 +436 -1183 +436 -1183 +1245 -373 +436 -1183 +436 -1183 +436 -144805

M1 - Down Auto
0000 0081 0000 0030 000E 0027 0028 000C 0028 000C 000E 0026 000E 0026 0028 000C 000E 0026 000E 0026 000E 0026 000E 0026 0028 000C 000E 0026 0028 000C 0028 000C 0028 000C 000E 0026 000E 0026 000E 0026 000E 0026 000E 0026 0028 000C 0028 000C 000E 0026 0028 026A 000E 0026 0028 000C 0028 000C 000E 0026 000E 0026 0028 000C 000E 0026 000E 0026 000E 0026 000E 0026 0028 000C 000E 0026 0028 000C 0028 000C 0028 000C 000E 0026 000E 0026 000E 0026 000E 0026 000E 0026 0028 000C 0028 000C 000E 0026 0028 1214

+436 -1214 +1245 -373 +1245 -373 +436 -1183 +436 -1183 +1245 -373 +436 -1183 +436 -1183 +436 -1183 +436 -1183 +1245 -373 +436 -1183 +1245 -373 +1245 -373 +1245 -373 +436 -1183 +436 -1183 +436 -1183 +436 -1183 +436 -1183 +1245 -373 +1245 -373 +436 -1183 +1245 -19233 +436 -1183 +1245 -373 +1245 -373 +436 -1183 +436 -1183 +1245 -373 +436 -1183 +436 -1183 +436 -1183 +436 -1183 +1245 -373 +436 -1183 +1245 -373 +1245 -373 +1245 -373 +436 -1183 +436 -1183 +436 -1183 +436 -1183 +436 -1183 +1245 -373 +1245 -373 +436 -1183 +1245 -144027

M1 Up Manual
0000 0081 0000 0030 000E 0027 0028 000C 000E 0026 000E 0026 000E 0026 0028 000C 000E 0026 000E 0026 000E 0026 000E 0026 0028 000C 000E 0026 0028 000C 0028 000C 0028 000C 000E 0026 000E 0026 000E 0026 000E 0026 000E 0026 000E 0026 0028 000C 0028 000C 000E 0284 000E 0026 0028 000C 000E 0026 000E 0026 000E 0026 0028 000C 000E 0026 000E 0026 000E 0026 000E 0026 0028 000C 000E 0026 0028 000C 0028 000C 0028 000C 000E 0026 000E 0026 000E 0026 000E 0026 000E 0026 000E 0026 0028 000C 0028 000C 000E 122D

+436 -1214 +1245 -373 +436 -1183 +436 -1183 +436 -1183 +1245 -373 +436 -1183 +436 -1183 +436 -1183 +436 -1183 +1245 -373 +436 -1183 +1245 -373 +1245 -373 +1245 -373 +436 -1183 +436 -1183 +436 -1183 +436 -1183 +436 -1183 +436 -1183 +1245 -373 +1245 -373 +436 -20042 +436 -1183 +1245 -373 +436 -1183 +436 -1183 +436 -1183 +1245 -373 +436 -1183 +436 -1183 +436 -1183 +436 -1183 +1245 -373 +436 -1183 +1245 -373 +1245 -373 +1245 -373 +436 -1183 +436 -1183 +436 -1183 +436 -1183 +436 -1183 +436 -1183 +1245 -373 +1245 -373 +436 -144805

m1?
0000 0081 0000 0030 0028 000C 000E 0026 0028 000C 000E 0026 000E 0026 0028 000C 000E 0026 000E 0026 000E 0026 000E 0026 0028 000C 000E 0026 0028 000C 0028 000C 0028 000C 000E 0026 000E 0026 000E 0026 000E 0026 000E 0026 000E 0026 000E 0026 0028 000C 000E 0284 0028 000C 000E 0026 0028 000C 000E 0026 000E 0026 0028 000C 000E 0026 000E 0026 000E 0026 000E 0026 0028 000C 000E 0026 0028 000C 0028 000C 0028 000C 000E 0026 000E 0026 000E 0026 000E 0026 000E 0026 000E 0026 000E 0026 0028 000C 000E 122E

+1245 -373 +436 -1183 +1245 -373 +436 -1183 +436 -1183 +1245 -373 +436 -1183 +436 -1183 +436 -1183 +436 -1183 +1245 -373 +436 -1183 +1245 -373 +1245 -373 +1245 -373 +436 -1183 +436 -1183 +436 -1183 +436 -1183 +436 -1183 +436 -1183 +436 -1183 +1245 -373 +436 -20042 +1245 -373 +436 -1183 +1245 -373 +436 -1183 +436 -1183 +1245 -373 +436 -1183 +436 -1183 +436 -1183 +436 -1183 +1245 -373 +436 -1183 +1245 -373 +1245 -373 +1245 -373 +436 -1183 +436 -1183 +436 -1183 +436 -1183 +436 -1183 +436 -1183 +436 -1183 +1245 -373 +436 -144836

M3 Up Auto
0000 0081 0000 0030 000E 0027 000E 0026 0028 000C 0028 000C 000E 0026 000E 0026 000E 0026 000E 0026 000E 0026 000E 0026 0028 000C 000E 0026 0028 000C 0028 000C 0028 000C 000E 0026 000E 0026 000E 0026 000E 0026 000E 0026 000E 0026 0028 000C 0028 000C 0028 026A 000E 0026 000E 0026 0028 000C 0028 000C 000E 0026 000E 0026 000E 0026 000E 0026 000E 0026 000E 0026 0028 000C 000E 0026 0028 000C 0028 000C 0028 000C 000E 0026 000E 0026 000E 0026 000E 0026 000E 0026 000E 0026 0028 000C 0028 000C 0028 1213

+436 -1214 +436 -1183 +1245 -373 +1245 -373 +436 -1183 +436 -1183 +436 -1183 +436 -1183 +436 -1183 +436 -1183 +1245 -373 +436 -1183 +1245 -373 +1245 -373 +1245 -373 +436 -1183 +436 -1183 +436 -1183 +436 -1183 +436 -1183 +436 -1183 +1245 -373 +1245 -373 +1245 -19233 +436 -1183 +436 -1183 +1245 -373 +1245 -373 +436 -1183 +436 -1183 +436 -1183 +436 -1183 +436 -1183 +436 -1183 +1245 -373 +436 -1183 +1245 -373 +1245 -373 +1245 -373 +436 -1183 +436 -1183 +436 -1183 +436 -1183 +436 -1183 +436 -1183 +1245 -373 +1245 -373 +1245 -143996

M3 Up Manual
0000 0081 0000 0030 000E 0027 0028 000C 000E 0026 0028 000C 000E 0026 000E 0026 000E 0026 000E 0026 000E 0026 000E 0026 0028 000C 000E 0026 0028 000C 0028 000C 0028 000C 000E 0026 000E 0026 000E 0026 000E 0026 000E 0026 0028 000C 000E 0026 000E 0026 0028 026A 000E 0026 0028 000C 000E 0026 0028 000C 000E 0026 000E 0026 000E 0026 000E 0026 000E 0026 000E 0026 0028 000C 000E 0026 0028 000C 0028 000C 0028 000C 000E 0026 000E 0026 000E 0026 000E 0026 000E 0026 0028 000C 000E 0026 000E 0026 0028 1213

+436 -1214 +1245 -373 +436 -1183 +1245 -373 +436 -1183 +436 -1183 +436 -1183 +436 -1183 +436 -1183 +436 -1183 +1245 -373 +436 -1183 +1245 -373 +1245 -373 +1245 -373 +436 -1183 +436 -1183 +436 -1183 +436 -1183 +436 -1183 +1245 -373 +436 -1183 +436 -1183 +1245 -19233 +436 -1183 +1245 -373 +436 -1183 +1245 -373 +436 -1183 +436 -1183 +436 -1183 +436 -1183 +436 -1183 +436 -1183 +1245 -373 +436 -1183 +1245 -373 +1245 -373 +1245 -373 +436 -1183 +436 -1183 +436 -1183 +436 -1183 +436 -1183 +1245 -373 +436 -1183 +436 -1183 +1245 -143996

M2 Up Auto
0000 0081 0000 0030 000E 0027 000E 0026 0028 000C 000E 0026 0028 000C 000E 0026 000E 0026 000E 0026 000E 0026 000E 0026 0028 000C 000E 0026 0028 000C 0028 000C 0028 000C 000E 0026 000E 0026 000E 0026 000E 0026 000E 0026 0028 000C 0028 000C 000E 0026 0028 026A 000E 0026 000E 0026 0028 000C 000E 0026 0028 000C 000E 0026 000E 0026 000E 0026 000E 0026 000E 0026 0028 000C 000E 0026 0028 000C 0028 000C 0028 000C 000E 0026 000E 0026 000E 0026 000E 0026 000E 0026 0028 000C 0028 000C 000E 0026 0028 1213

+436 -1214 +436 -1183 +1245 -373 +436 -1183 +1245 -373 +436 -1183 +436 -1183 +436 -1183 +436 -1183 +436 -1183 +1245 -373 +436 -1183 +1245 -373 +1245 -373 +1245 -373 +436 -1183 +436 -1183 +436 -1183 +436 -1183 +436 -1183 +1245 -373 +1245 -373 +436 -1183 +1245 -19233 +436 -1183 +436 -1183 +1245 -373 +436 -1183 +1245 -373 +436 -1183 +436 -1183 +436 -1183 +436 -1183 +436 -1183 +1245 -373 +436 -1183 +1245 -373 +1245 -373 +1245 -373 +436 -1183 +436 -1183 +436 -1183 +436 -1183 +436 -1183 +1245 -373 +1245 -373 +436 -1183 +1245 -143996

M1 Down Manual
0000 0081 0000 0030 0028 000C 000E 0026 000E 0026 000E 0026 000E 0026 0028 000C 000E 0026 000E 0026 000E 0026 000E 0026 0028 000C 000E 0026 0028 000C 0028 000C 0028 000C 000E 0026 000E 0026 000E 0026 000E 0026 000E 0026 0028 000C 000E 0026 000E 0026 0028 026A 0028 000C 000E 0026 000E 0026 000E 0026 000E 0026 0028 000C 000E 0026 000E 0026 000E 0026 000E 0026 0028 000C 000E 0026 0028 000C 0028 000C 0028 000C 000E 0026 000E 0026 000E 0026 000E 0026 000E 0026 0028 000C 000E 0026 000E 0026 0028 1214

+1245 -373 +436 -1183 +436 -1183 +436 -1183 +436 -1183 +1245 -373 +436 -1183 +436 -1183 +436 -1183 +436 -1183 +1245 -373 +436 -1183 +1245 -373 +1245 -373 +1245 -373 +436 -1183 +436 -1183 +436 -1183 +436 -1183 +436 -1183 +1245 -373 +436 -1183 +436 -1183 +1245 -19233 +1245 -373 +436 -1183 +436 -1183 +436 -1183 +436 -1183 +1245 -373 +436 -1183 +436 -1183 +436 -1183 +436 -1183 +1245 -373 +436 -1183 +1245 -373 +1245 -373 +1245 -373 +436 -1183 +436 -1183 +436 -1183 +436 -1183 +436 -1183 +1245 -373 +436 -1183 +436 -1183 +1245 -144027

M2 up Manual
0000 0081 0000 0030 000E 0027 0028 000C 000E 0026 000E 0026 0028 000C 000E 0026 000E 0026 000E 0026 000E 0026 000E 0026 0028 000C 000E 0026 0028 000C 0028 000C 0028 000C 000E 0026 000E 0026 000E 0026 000E 0026 000E 0026 000E 0026 000E 0026 0028 000C 0028 026A 000E 0026 0028 000C 000E 0026 000E 0026 0028 000C 000E 0026 000E 0026 000E 0026 000E 0026 000E 0026 0028 000C 000E 0026 0028 000C 0028 000C 0028 000C 000E 0026 000E 0026 000E 0026 000E 0026 000E 0026 000E 0026 000E 0026 0028 000C 0028 1213

+436 -1214 +1245 -373 +436 -1183 +436 -1183 +1245 -373 +436 -1183 +436 -1183 +436 -1183 +436 -1183 +436 -1183 +1245 -373 +436 -1183 +1245 -373 +1245 -373 +1245 -373 +436 -1183 +436 -1183 +436 -1183 +436 -1183 +436 -1183 +436 -1183 +436 -1183 +1245 -373 +1245 -19233 +436 -1183 +1245 -373 +436 -1183 +436 -1183 +1245 -373 +436 -1183 +436 -1183 +436 -1183 +436 -1183 +436 -1183 +1245 -373 +436 -1183 +1245 -373 +1245 -373 +1245 -373 +436 -1183 +436 -1183 +436 -1183 +436 -1183 +436 -1183 +436 -1183 +436 -1183 +1245 -373 +1245 -143996

